00000100000111010000000000111100
00000100000001000000000000000011
00110000000000000000000000000101
00101000010000000000000000000000
00011100000000000000000000000100
00000111101111011111111111111000
00010011101111110000000000000100
00010011101001000000000000000000
00000100000000010000000000000010
00000000100000010100000000101010
00010101000000000000000000000010
00011100000000000000000000010001
00000100100001001111111111111111
00110000000000000000000000000101
00001111101001000000000000000000
00000000100000100000000000011000
00000000000000000001000000010010
00001111101111110000000000000100
00000111101111010000000000001000
00100111111000000000000000000000